A:1,112233,445566,1,5
A:2,112233,445566,1,6
B:3,999999,888888,1,10
A:4,112233,445566,2,9
C:5,333333,111111,1,10
C:6,333333,111111,2,100
B:7,999999,888888,1,12
D:8,111111,222222,1,3
D:9,111111,222222,1,31
D:10,111111,222222,2,4
E:11,333333,444444,1,55
_:12,222233,445566,0,5
_:12,222233,445566,0,5
_:13,999999,888888,0,10
_:14,112233,445566,0,9
_:15,333333,111111,0,10
_:15,333333,111111,0,10
_:16,999999,888888,0,2
_:17,991111,222222,0,3
_:18,331111,222222,0,3
_:19,441111,222222,0,4
_:20,333333,444444,0,5
_:21,436890,546781,0,9
_:22,121212,101010,0,8
_:23,747474,919191,0,3
_:24,123123,456456,0,5
D:10,111111,222222,2,4
D:10,111111,222222,2,4
D:10,111111,222222,2,4
D:10,111111,222222,2,4
_:24,123123,456456,0,5
